20205273
21305703
21501177
21104903
21407059
20204891
21011747
21104049
21102448
20201880
21307535
21402448
21303661
20201525
21407649
21105728
21401917
21404868
21305095
21307327
21504916
21303753
21302490
21501695
21104940
20203575
21401577
21301782
21303769
21303855
21303402
21507902
20201942
21304054
21413847
21501259
21014230
21105235
21101799
20710718
21401326
21301039
21015533
21302483
21402784
21401948
20201575
21404634
20202579
21306118
21303155
21402590
21402081
20903477
21401888
20201033
21102876
21402946
21301797
21415495
21404980
21402878
20201822
21401568
20201915
21501170
20206210
21305792
21304510
21306891
21303901
20201908
20201826
21302684
21102087
21502735
20201364
21401224
20209523
21404703
21105204
21403030
21401898
20201763
21302763
20201827
21302238
21401217
21401190
21307687
21302267
21301686
21303275
20201669
21307964
20201025
21101693
21304171
21405527
20201499
21303564
21302892
21401785
21303548
20201508